data/Filters/Roman/Roman-F158.ecsv
# %ECSV 1.0
# ---
# datatype:
# - {name: wavelength, unit: Angstrom, datatype: float64}
# - {name: response, datatype: float64}
# meta:
#   __serialized_columns__:
#     wavelength:
#       __class__: astropy.units.quantity.Quantity
#       unit: !astropy.units.Unit {unit: Angstrom}
#       value: !astropy.table.SerializedColumn {name: wavelength}
#   band_name: F158
#   group_name: Roman
# schema: astropy-2.0
wavelength response
13100.0 0.0
13150.0 2.2104853207207685e-05
13200.0 6.631455962162305e-05
13250.0 0.00019894367886486917
13300.0 0.0006189358898018152
13350.0 0.001679968843747784
13400.0 0.004177817256162252
13450.0 0.009505086879099303
13500.0 0.019916472739694123
13550.0 0.03830771060809092
13600.000000000002 0.06795031875895642
13650.0 0.11134214560470512
13700.000000000002 0.1691905464479676
13750.0 0.2392850359680232
13799.999999999998 0.3163425542483492
13850.0 0.3938200647396121
13899.999999999998 0.46424612705777585
13950.0 0.5224703104055608
14000.0 0.5662600246090393
14050.0 0.5959468424663192
14100.0 0.6142717657750945
14150.0 0.6245726273696531
14200.0 0.630098840671455
14250.0 0.633171415267257
14300.0 0.634453496753275
14350.0 0.6352713763219416
14400.0 0.6354261102943921
14450.0 0.6351829569091129
14500.0 0.6353376908815633
14550.0 0.6356250539732571
14600.0 0.6358239976521218
14650.0 0.6359566267713651
14700.0 0.6360892558906084
14750.0 0.6364429335419237
14800.0 0.6364429335419237
14850.000000000002 0.6367966111932389
14900.0 0.6368850306060678
14950.000000000002 0.6373050228170049
15000.0 0.637437651936248
15049.999999999998 0.6375260713490769
15100.0 0.6380123781196354
15149.999999999998 0.6383439509177435
15200.0 0.6386976285690589
15250.0 0.6392723547524463
15300.0 0.6394491935781039
15350.0 0.6400239197614913
15400.0 0.6405986459448788
15450.0 0.6410186381558157
15500.0 0.6414607352199598
15550.0 0.641792308018068
15600.0 0.6421238808161761
15650.0 0.642322824495041
15700.0 0.6428312361188068
15750.0 0.6430743895040859
15800.0 0.6433396477425725
15850.0 0.6438038496599239
15900.0 0.6443564709901041
15950.0 0.6450638262927347
16000.0 0.6459480204210231
16050.0 0.6468101096961041
16100.000000000002 0.647760618384014
16150.0 0.6486006028058879
16200.000000000002 0.6495069017873834
16250.0 0.6507447735669871
16299.999999999998 0.652004750199798
16350.0 0.6529110491812934
16400.0 0.6537731384563744
16450.0 0.654568913171834
16500.0 0.6552983733276718
16550.0 0.6562046723091673
16600.0 0.6566246645201043
16650.0 0.6573762295291493
16700.0 0.6580614799785728
16750.0 0.6583709479234737
16800.0 0.6586583110151674
16850.0 0.6592330371985547
16900.0 0.6594761905838341
16950.0 0.6596530294094918
17000.0 0.660205650739672
17050.0 0.6606477478038161
17100.0 0.6608909011890953
17150.0 0.6605372235377801
17200.0 0.6596972391159062
17250.0 0.6571330761438701
17300.0 0.65222579873187
17350.0 0.643936478779167
17400.0 0.6306072522952209
17450.0 0.610403416463833
17500.0 0.5823744625970937
17550.0 0.5447077927320118
17600.0 0.49813286702442516
17650.0 0.4430917825384781
17700.0 0.3821708070994137
17750.0 0.31846462015624116
17800.0 0.2556205224881497
17850.0 0.19721950031470697
17900.0 0.14571519234191307
17950.0 0.1029865110923806
18000.0 0.06945344877704654
18050.0 0.04467390833176673
18100.0 0.027365808270523113
18150.0 0.015937599162396742
18200.0 0.008819836429675865
18250.0 0.004642019173513614
18300.0 0.002321009586756807
18350.0 0.0010831378071531766
18400.0 0.0004863067705585691
18450.0 0.00019894367886486917
18500.0 8.841941282883074e-05
18550.0 2.2104853207207685e-05
18600.0 2.2104853207207685e-05
18650.0 0.0
