data/Filters/Roman/Roman-F213.ecsv
# %ECSV 1.0
# ---
# datatype:
# - {name: wavelength, unit: Angstrom, datatype: float64}
# - {name: response, datatype: float64}
# meta:
#   __serialized_columns__:
#     wavelength:
#       __class__: astropy.units.quantity.Quantity
#       unit: !astropy.units.Unit {unit: Angstrom}
#       value: !astropy.table.SerializedColumn {name: wavelength}
#   band_name: F213
#   group_name: Roman
# schema: astropy-2.0
wavelength response
18550.0 0.0
18600.0 2.2104853207207685e-05
18650.0 6.631455962162305e-05
18700.0 0.0001326291192432461
18750.0 0.0003094679449009076
18800.0 0.0006631455962162305
18850.0 0.0013705008988468765
18900.0 0.00267468723807213
18950.0 0.004973591971621729
19000.0 0.008864046136090282
19050.0 0.015141824446937267
19100.0 0.02480164529848702
19150.0 0.038926646497892736
19200.0 0.058644175558721985
19250.0 0.08494895087529913
19300.0 0.11826096465856112
19350.0 0.15862442661492235
19400.0 0.20519935232250894
19450.0 0.25663734573568125
19500.0 0.31048476814843917
19550.0 0.36437640026761153
19600.0 0.41554913544229727
19650.0 0.4618809077646046
19700.0 0.5022664745741731
19750.0 0.5353353349721558
19800.0 0.5612864326374176
19850.0 0.5807165986065531
19900.0 0.5945763415674723
19950.0 0.6039930090337429
20000.0 0.6103592067574186
20050.0 0.6140949269494367
20099.999999999996 0.6162833074169503
20150.0 0.6174990743433467
20200.0 0.6181622199395629
20250.0 0.6185158975908782
20299.999999999996 0.6187148412697431
20350.0 0.6192232528935089
20400.0 0.6193116723063377
20450.0 0.6194664062787881
20500.0 0.6196211402512387
20550.0 0.6201074470217972
20600.0 0.6202400761410404
20650.0 0.6207705926180135
20700.0 0.6209695362968783
20750.0 0.6212347945353648
20800.0 0.6218095207187523
20850.0 0.6221189886636531
20900.0 0.6224726663149683
20950.000000000004 0.622848448819491
21000.0 0.6232463361772207
21050.0 0.6237768526541937
21100.0 0.6243515788375811
21150.000000000004 0.6251252486998333
21200.0 0.6258989185620857
21250.0 0.6261641768005721
21300.0 0.6270925806352748
21349.999999999996 0.6276230971122478
21400.0 0.6280872990295993
21450.0 0.6288388640386443
21500.0 0.6290820174239234
21549.999999999996 0.6292146465431667
21600.0 0.6292588562495811
21650.0 0.6293914853688245
21700.0 0.6294135902220316
21750.0 0.629236751396374
21800.0 0.6289714931578875
21850.0 0.6286620252129865
21900.0 0.6283083475616713
21950.0 0.6282641378552568
22000.0 0.628065194176392
22050.0 0.6279325650571487
22100.0 0.6272915243141397
22150.0 0.6263410156262298
22200.000000000004 0.6255452409107702
22250.0 0.6238873769202298
22300.0 0.6220968838104458
22350.0 0.6195106159852026
22400.000000000004 0.6161064685912926
22450.0 0.6109781426472204
22500.0 0.6036835410888418
22550.0 0.5940679299437065
22599.999999999996 0.5802966063956162
22650.0 0.5626790383894716
22700.0 0.540264717237363
22750.0 0.5127220701411823
22799.999999999996 0.4800068873945149
22850.0 0.44242863694226187
22900.0 0.4007609886466753
22950.0 0.3560870803149086
23000.0 0.3100647759375022
23050.0 0.26384352788123094
23100.0 0.21954540205398673
23150.0 0.1781209071436795
23200.0 0.14074160037029135
23250.0 0.10831378071531765
23300.0 0.08112481127045221
23350.0 0.0589757483568301
23400.0 0.041689753148793696
23450.000000000004 0.028603680050126742
23500.0 0.019010173758198606
23550.0 0.012268193530000266
23600.0 0.007670384062901067
23650.000000000004 0.004642019173513614
23700.0 0.0027188969444865456
23750.0 0.001547339724504538
23800.0 0.0008620892750810997
23849.999999999996 0.00046420191735136135
23900.0 0.00024315338527928454
23950.0 0.00011052426603603843
24000.0 6.631455962162305e-05
24049.999999999996 2.2104853207207685e-05
24100.0 2.2104853207207685e-05
24150.0 0.0
