data/Filters/Roman/Roman-Grism_1stOrder.ecsv
# %ECSV 1.0
# ---
# datatype:
# - {name: wavelength, unit: Angstrom, datatype: float64}
# - {name: response, datatype: float64}
# meta:
#   __serialized_columns__:
#     wavelength:
#       __class__: astropy.units.quantity.Quantity
#       unit: !astropy.units.Unit {unit: Angstrom}
#       value: !astropy.table.SerializedColumn {name: wavelength}
#   band_name: Grism_1stOrder
#   group_name: Roman
# schema: astropy-2.0
wavelength response
9950.0 0.0
10000.0 0.13996793050803907
10049.999999999998 0.28804834214312336
10100.0 0.29609450871054693
10149.999999999998 0.3040743607183489
10200.0 0.31201000301973647
10250.0 0.31990143561470963
10300.0 0.3277044487968539
10350.0 0.335264308593719
10400.0 0.34295679750982727
10450.0 0.3505608670131067
10500.0 0.35807651710355726
10550.0 0.3655258526343863
10600.0 0.37290887360559366
10650.0 0.3802034751639722
10700.0 0.3873875524563147
10750.0 0.39448321033582834
10800.0 0.4014462390960988
10850.0 0.40851979212240525
10900.0 0.415195457790982
10950.0 0.4217605991935226
11000.0 0.4283699503024777
11050.0 0.43431615581521665
11100.000000000002 0.4402844661811627
11150.0 0.4463411959599376
11200.000000000002 0.45224319176626204
11250.0 0.4577473002148568
11299.999999999998 0.46338403778269466
11350.0 0.4687334122588389
11399.999999999998 0.4739280527625328
11450.0 0.47890164473415453
11500.0 0.48398576097181223
11550.0 0.4887383044113619
11600.0 0.49335821873166835
11650.0 0.4980886573180107
11700.0 0.5024654182530379
11750.0 0.506952703454101
11800.0 0.511307359535921
11850.0 0.5152199185535967
11900.0 0.5193314212501374
11950.0 0.5232660851210204
12000.0 0.5267586519277592
12050.0 0.5301406944684619
12100.0 0.5337216806880295
12150.0 0.5371479329351468
12200.0 0.5401099832649126
12250.0 0.5431604530075073
12300.0 0.5461003984840659
12350.000000000002 0.5487087711625164
12400.0 0.5510960953088948
12450.000000000002 0.5534392097488587
12500.0 0.5552297028586427
12549.999999999998 0.5570201959684264
12600.0 0.5585233259865166
12649.999999999998 0.5596948832064986
12700.0 0.5607117064540301
12750.0 0.5616843199951472
12800.0 0.5625243044170212
12850.0 0.5629442966279581
12900.0 0.5636074422241744
12950.0 0.5640274344351113
13000.0 0.5643811120864266
13050.0 0.564955838269814
13100.0 0.5651326770954717
13150.0 0.5655526693064087
13200.0 0.5659063469577239
13250.0 0.5659063469577239
13300.0 0.5661495003430033
13350.0 0.5663484440218681
13400.0 0.5661495003430033
13450.0 0.5661495003430033
13500.0 0.5661495003430033
13550.0 0.5658179275448951
13600.000000000002 0.5657074032788592
13650.0 0.5652653062147149
13700.000000000002 0.5650221528294356
13750.0 0.5647347897377419
13799.999999999998 0.5640053295819041
13850.0 0.5635853373709672
13899.999999999998 0.5627895626555076
13950.0 0.5617064248483545
14000.0 0.5604464482155437
14050.0 0.558788584225003
14100.0 0.5569980911152193
14150.0 0.5551854931522282
14200.0 0.5535939437213092
14250.0 0.552289757382084
14300.0 0.5506539982447506
14350.0 0.5490845536670389
14400.0 0.5471614314380118
14450.0 0.5449067364108767
14500.0 0.5429836141818496
14550.0 0.541104701659237
14600.0 0.5391152648705883
14650.0 0.5370153038159035
14700.0 0.5348932379080116
14750.0 0.5329038011193629
14800.0 0.5305827915326061
14850.000000000002 0.5285049353311285
14900.0 0.5261839257443717
14950.000000000002 0.524083964689687
15000.0 0.5217187453965157
15049.999999999998 0.5192651066905157
15100.0 0.5171430407826239
15149.999999999998 0.514822031195867
15200.0 0.5125231264623173
15250.0 0.5103347459948039
15300.0 0.5078368975823894
15350.0 0.5056043074084614
15400.0 0.5033496123813261
15450.0 0.5009401833817406
15500.0 0.49853075438215494
15550.0 0.4960108011165333
15600.0 0.4934908478509116
15650.0 0.4908161606128395
15700.0 0.4883846267600466
15750.0 0.4857320443751817
15800.0 0.48307946199031676
15850.0 0.48055950872469505
15900.0 0.4780837651654878
15950.0 0.4757185458723166
16000.0 0.47346385084518144
16050.0 0.4711649461116318
16100.000000000002 0.4689323559377038
16150.0 0.4665892414977398
16200.000000000002 0.46429033676419024
16250.0 0.46221248056271275
16299.999999999998 0.46013462436123514
16350.0 0.4577915099212712
16400.0 0.4554262906280999
16450.0 0.45299475677530715
16500.0 0.4504969083628926
16550.0 0.4481095842165142
16600.0 0.4454127921252349
16650.0 0.44291494371282036
16700.0 0.4403728855939915
16750.0 0.43758767408988336
16800.0 0.434780357732568
16850.0 0.43217198505411747
16900.0 0.42934256384359487
16950.0 0.4264910377798651
17000.0 0.4239047699546218
17050.0 0.4213185021293785
17100.0 0.4187322343041352
17150.0 0.41605754706606307
17200.0 0.4135818035068558
17250.0 0.41086290656236923
17300.0 0.4081219047646755
17350.0 0.4054472175266034
17400.0 0.4027283205821168
17450.0 0.3998325848119726
17500.0 0.3971136878674861
17550.0 0.3939747987120626
17600.0 0.3910127483822967
17650.0 0.3877854398140444
17700.0 0.3845360263925849
17750.0 0.38128661297112537
17800.0 0.37805930440287305
17850.0 0.37507514921990004
17900.0 0.37189205035806205
17950.0 0.36881947576226026
18000.0 0.3656584817536295
18050.0 0.3626522217174493
18100.0 0.35995542962616994
18150.0 0.35705969385602576
18200.0 0.3545397405904041
18250.0 0.3519976824715752
18300.0 0.3494777292059535
18350.0 0.3470019856467463
18400.0 0.3445483469407462
18450.0 0.34209470823474614
18500.0 0.33964106952874606
18550.0 0.33716532596953885
18600.0 0.334733792116746
18650.0 0.3324790970896108
18700.0 0.33002545838361075
18750.0 0.32774865850326834
18800.0 0.3253171246504755
18850.0 0.32286348594447545
18900.0 0.32023300841281777
18950.0 0.31773516000040325
19000.0 0.3152373115879888
19050.0 0.31267314861595275
19100.0 0.31026371961636706
19150.0 0.3076553469379166
19200.0 0.30504697425946603
19250.0 0.2985260425633398
19300.0 0.14998142901090414
19350.0 0.004000978430504592
19400.0 0.0
