data/Filters/Roman/Roman-Grism_0thOrder.ecsv
# %ECSV 1.0
# ---
# datatype:
# - {name: wavelength, unit: Angstrom, datatype: float64}
# - {name: response, datatype: float64}
# meta:
#   __serialized_columns__:
#     wavelength:
#       __class__: astropy.units.quantity.Quantity
#       unit: !astropy.units.Unit {unit: Angstrom}
#       value: !astropy.table.SerializedColumn {name: wavelength}
#   band_name: Grism_0thOrder
#   group_name: Roman
# schema: astropy-2.0
wavelength response
9950.0 0.0
10000.0 0.00046420191735136135
10049.999999999998 0.0009062989814955152
10100.0 0.0008841941282883074
10149.999999999998 0.000839984421873892
10200.0 0.0008178795686666844
10250.0 0.000773669862252269
10300.0 0.0007515650090450613
10350.0 0.0007073553026306459
10400.0 0.0006852504494234382
10450.0 0.0006410407430090229
10500.0 0.0006189358898018152
10550.0 0.0005747261833873998
10600.0 0.0005526213301801921
10650.0 0.0005084116237657767
10700.0 0.0004863067705585691
10750.0 0.00046420191735136135
10800.0 0.000419992210936946
10850.0 0.00039788735772973834
10900.0 0.00037578250452253065
10950.0 0.00035367765131532296
11000.0 0.0003094679449009076
11050.0 0.0002873630916936999
11100.000000000002 0.0002652582384864922
11150.0 0.00024315338527928454
11200.000000000002 0.00022104853207207686
11250.0 0.00019894367886486917
11299.999999999998 0.00019894367886486917
11350.0 0.00017683882565766148
11399.999999999998 0.0001547339724504538
11450.0 0.0001326291192432461
11500.0 0.0001326291192432461
11550.0 0.00011052426603603843
11600.0 0.00011052426603603843
11650.0 8.841941282883074e-05
11700.0 8.841941282883074e-05
11750.0 6.631455962162305e-05
11800.0 6.631455962162305e-05
11850.0 4.420970641441537e-05
11900.0 4.420970641441537e-05
11950.0 4.420970641441537e-05
12000.0 4.420970641441537e-05
12050.0 2.2104853207207685e-05
12100.0 2.2104853207207685e-05
12150.0 2.2104853207207685e-05
12200.0 2.2104853207207685e-05
12250.0 2.2104853207207685e-05
12300.0 0.0
12350.000000000002 0.0
12400.0 0.0
12450.000000000002 0.0
12500.0 0.0
12549.999999999998 0.0
12600.0 0.0
12649.999999999998 0.0
12700.0 0.0
12750.0 0.0
12800.0 0.0
12850.0 0.0
12900.0 0.0
12950.0 0.0
13000.0 0.0
13050.0 0.0
13100.0 0.0
13150.0 0.0
13200.0 0.0
13250.0 0.0
13300.0 0.0
13350.0 0.0
13400.0 0.0
13450.0 0.0
13500.0 0.0
13550.0 0.0
13600.000000000002 0.0
13650.0 0.0
13700.000000000002 0.0
13750.0 0.0
13799.999999999998 0.0
13850.0 0.0
13899.999999999998 0.0
13950.0 0.0
14000.0 0.0
14050.0 0.0
14100.0 2.2104853207207685e-05
14150.0 2.2104853207207685e-05
14200.0 2.2104853207207685e-05
14250.0 2.2104853207207685e-05
14300.0 2.2104853207207685e-05
14350.0 4.420970641441537e-05
14400.0 4.420970641441537e-05
14450.0 4.420970641441537e-05
14500.0 6.631455962162305e-05
14550.0 6.631455962162305e-05
14600.0 6.631455962162305e-05
14650.0 8.841941282883074e-05
14700.0 8.841941282883074e-05
14750.0 0.00011052426603603843
14800.0 0.0001326291192432461
14850.000000000002 0.0001326291192432461
14900.0 0.0001547339724504538
14950.000000000002 0.00017683882565766148
15000.0 0.00019894367886486917
15049.999999999998 0.00022104853207207686
15100.0 0.00024315338527928454
15149.999999999998 0.0002652582384864922
15200.0 0.0002873630916936999
15250.0 0.0003094679449009076
15300.0 0.00035367765131532296
15350.0 0.00037578250452253065
15400.0 0.000419992210936946
15450.0 0.0004420970641441537
15500.0 0.0004863067705585691
15550.0 0.0005305164769729844
15600.0 0.0005747261833873998
15650.0 0.0006189358898018152
15700.0 0.0006631455962162305
15750.0 0.0007073553026306459
15800.0 0.000773669862252269
15850.0 0.0008178795686666844
15900.0 0.0008841941282883074
15950.0 0.0009505086879099305
16000.0 0.0010168232475315534
16050.0 0.0010831378071531766
16100.000000000002 0.0011494523667747996
16150.0 0.0012157669263964225
16200.000000000002 0.0013041863392252535
16250.0 0.0013926057520540843
16299.999999999998 0.0014589203116757072
16350.0 0.0015694445777117458
16400.0 0.0016578639905405763
16450.0 0.0017462834033694073
16500.0 0.001834702816198238
16550.0 0.0019452270822342764
16600.0 0.0020557513482703147
16650.0 0.0021662756143063532
16700.0 0.002276799880342392
16750.0 0.0023873241463784303
16800.0 0.0025199532656216763
16850.0 0.002652582384864922
16900.0 0.0027631066509009607
16950.0 0.002895735770144207
17000.0 0.0030504697425946603
17050.0 0.0031830988618379067
17100.0 0.003337832834288361
17150.0 0.0034925668067388145
17200.0 0.0036473007791892683
17250.0 0.003802034751639722
17300.0 0.003956768724090175
17350.0 0.004133607549747838
17400.0 0.004310446375405498
17450.0 0.00448728520106316
17500.0 0.004664124026720822
17550.0 0.004840962852378483
17600.0 0.0050399065312433525
17650.0 0.005216745356901014
17700.0 0.005415689035765883
17750.0 0.005614632714630752
17800.0 0.0058135763934956215
17850.0 0.00601252007236049
17900.0 0.0062335686044325675
17950.0 0.006432512283297436
18000.0 0.0066535608153695126
18050.0 0.00687460934744159
18100.0 0.007117762732720875
18150.0 0.007338811264792952
18200.0 0.007604069503279444
18250.0 0.007847222888558728
18300.0 0.008112481127045221
18350.0 0.008355634512324505
18400.0 0.008620892750810996
18450.0 0.008908255842504698
18500.0 0.00917351408099119
18550.0 0.009460877172684888
18600.0 0.00974824026437859
18650.0 0.01003560335607229
18700.0 0.010345071300973197
18750.0 0.010654539245874105
18800.0 0.010941902337567805
18850.0 0.011251370282468712
18900.0 0.01156083822736962
18950.0 0.011892411025477735
19000.0 0.012201878970378641
19050.0 0.012533451768486758
19100.0 0.012865024566594873
19150.0 0.01319659736470299
19200.0 0.013528170162811102
19250.0 0.013682904135261556
19300.0 0.007095657879513666
19350.0 0.00019894367886486917
19400.0 0.0
