data/Filters/Roman/Roman-F184.ecsv
# %ECSV 1.0
# ---
# datatype:
# - {name: wavelength, unit: Angstrom, datatype: float64}
# - {name: response, datatype: float64}
# meta:
#   __serialized_columns__:
#     wavelength:
#       __class__: astropy.units.quantity.Quantity
#       unit: !astropy.units.Unit {unit: Angstrom}
#       value: !astropy.table.SerializedColumn {name: wavelength}
#   band_name: F184
#   group_name: Roman
# schema: astropy-2.0
wavelength response
16000.0 0.0
16050.0 2.2104853207207685e-05
16100.000000000002 6.631455962162305e-05
16150.0 0.00017683882565766148
16200.000000000002 0.000419992210936946
16250.0 0.0009947183943243459
16299.999999999998 0.002188380467513561
16350.0 0.004531494907477575
16400.0 0.008908255842504698
16450.0 0.016490220492576934
16500.0 0.028824728582198818
16550.0 0.04770227322115418
16600.0 0.07473650869356918
16650.0 0.11109899221942583
16700.0 0.15694445777117455
16750.0 0.21105713842241897
16800.0 0.27104971002678063
16850.0 0.3336064446031784
16900.0 0.39448321033582834
16950.0 0.45016533556478455
17000.0 0.49828760099687563
17050.0 0.5371479329351468
17100.0 0.5666358071135619
17150.0 0.5875691031007875
17200.0 0.6018930479790581
17250.0 0.6107570941151483
17300.0 0.616040154031671
17350.0 0.6191790431870945
17400.0 0.6209032217372566
17450.0 0.6216326818930945
17500.0 0.6222516177828963
17550.0 0.6220305692508242
17600.0 0.6219863595444098
17650.0 0.6214779479206441
17700.0 0.6208590120308423
17750.0 0.6202400761410404
17800.0 0.6195990353980314
17850.0 0.6193116723063377
17900.0 0.6187369461229504
17950.0 0.618272744205599
18000.0 0.6176317034625899
18050.0 0.6172338161048602
18100.0 0.6173443403708962
18150.0 0.6170348724259953
18200.0 0.6174106549305178
18250.0 0.6176980180222116
18300.0 0.6180516956735268
18350.0 0.6184053733248422
18400.0 0.6187811558293648
18450.0 0.6191569383338873
18500.0 0.6195106159852026
18550.0 0.6198200839301035
18600.0 0.6201516567282116
18650.0 0.6207926974712206
18700.0 0.6210800605629143
18750.0 0.6216547867463017
18800.0 0.6218979401315811
18850.0 0.6220747789572387
18900.0 0.6218979401315811
18950.0 0.6219642546912026
19000.0 0.6219642546912026
19050.0 0.6218095207187523
19100.0 0.6218758352783738
19150.0 0.6215442624802656
19200.0 0.6211021654161215
19250.0 0.6207926974712206
19300.0 0.6199306081961395
19350.0 0.6189800995082295
19400.0 0.617322235517689
19450.0 0.6150896453437611
19500.0 0.6108013038215627
19550.0 0.6041035332997788
19600.0 0.5936700425859769
19650.0 0.5785945326986612
19700.0 0.5583906968672734
19750.0 0.5315554050737232
19800.0 0.4980223427583892
19850.0 0.4579020341873072
19900.0 0.41203446378235126
19950.0 0.361878551855197
20000.0 0.30960057402015084
20050.0 0.2571899670658614
20099.999999999996 0.207122474551536
20150.0 0.16145384782544495
20200.0 0.12159879749284949
20250.0 0.08837520312241633
20299.999999999996 0.061915693833388734
20350.0 0.04177817256162253
20400.0 0.027122654885243833
20450.0 0.01691021270351388
20500.0 0.010146127622108328
20550.0 0.005835681246702829
20600.0 0.0032273085682523223
20650.0 0.001702073696954992
20700.0 0.0008620892750810997
20750.0 0.000419992210936946
20800.0 0.00019894367886486917
20850.0 8.841941282883074e-05
20900.0 4.420970641441537e-05
20950.000000000004 2.2104853207207685e-05
21000.0 0.0
