data/Filters/Roman/Roman-F146.ecsv
# %ECSV 1.0
# ---
# datatype:
# - {name: wavelength, unit: Angstrom, datatype: float64}
# - {name: response, datatype: float64}
# meta:
#   __serialized_columns__:
#     wavelength:
#       __class__: astropy.units.quantity.Quantity
#       unit: !astropy.units.Unit {unit: Angstrom}
#       value: !astropy.table.SerializedColumn {name: wavelength}
#   band_name: F146
#   group_name: Roman
# schema: astropy-2.0
wavelength response
8800.0 0.0
8850.0 2.2104853207207685e-05
8900.0 0.00019894367886486917
8950.0 0.0009726135411171382
9000.0 0.003934663870882968
9050.0 0.013130282805081366
9100.0 0.036229854406613395
9150.0 0.08335740144438018
9200.0 0.1613212187062017
9250.0 0.26574454525705077
9300.0 0.37927507132926946
9350.0 0.4794542660643347
9400.0 0.550587683685129
9450.0 0.5915921863844993
9500.0 0.6104697310234546
9550.0 0.6174327597837251
9600.0 0.6194885111319954
9650.0 0.6193558820127522
9700.0 0.6190685189210585
9750.0 0.618272744205599
9800.0 0.6177864374350404
9850.0 0.6169906627195809
9900.0 0.6161064685912926
9950.0 0.6156201618207341
10000.0 0.614868596811689
10049.999999999998 0.6144928143071665
10100.0 0.6141612415090584
10149.999999999998 0.6138517735641574
10200.0 0.6135644104724637
10250.0 0.6132991522339772
10300.0 0.6130781037019051
10350.0 0.6125475872249322
10400.0 0.6124370629588961
10450.0 0.61232653869286
10500.0 0.6122823289864456
10550.0 0.6123044338396529
10600.0 0.6123707483992745
10650.0 0.6124812726653105
10700.0 0.612636006637761
10750.0 0.6128128454634186
10800.0 0.6130117891422836
10850.0 0.6135423056192565
10900.0 0.613697039591707
10950.0 0.6138738784173646
11000.0 0.6143380803347159
11050.0 0.6140286123898151
11100.000000000002 0.6140286123898151
11150.0 0.6143159754815088
11200.000000000002 0.6145812337199953
11250.0 0.6145149191603736
11299.999999999998 0.6148464919584817
11350.0 0.6150012259309322
11399.999999999998 0.6151780647565899
11450.0 0.6152443793162116
11500.0 0.6156643715271485
11550.0 0.6158412103528061
11600.0 0.6160622588848782
11650.0 0.6166369850682656
11700.0 0.6169464530131665
11750.0 0.6175874937561755
11800.0 0.6182506393523918
11850.0 0.6185822121504999
11900.0 0.6192895674531306
11950.0 0.6200190276089683
12000.0 0.6203506004070765
12050.0 0.6207705926180135
12100.0 0.6215663673334729
12150.0 0.6223842469021396
12200.0 0.6228263439662838
12250.0 0.6235336992689144
12300.0 0.6242852642779594
12350.000000000002 0.6247936759017252
12400.0 0.6252357729658694
12450.000000000002 0.6257883942960496
12500.0 0.6258547088556712
12549.999999999998 0.6260978622409504
12600.0 0.6261641768005721
12649.999999999998 0.6260315476813288
12700.0 0.625832604002464
12750.0 0.6257662894428424
12800.0 0.6256778700300135
12850.0 0.6252578778190765
12900.0 0.6252357729658694
12950.0 0.6251031438466261
13000.0 0.6250368292870044
13050.0 0.6253020875254911
13100.0 0.6252799826722838
13150.0 0.6256557651768063
13200.0 0.6260757573877432
13250.0 0.6261862816537793
13300.0 0.6267389029839595
13350.0 0.6273136291673469
13400.0 0.6275567825526261
13450.0 0.6281536135892207
13500.0 0.6288388640386443
13550.0 0.6292588562495811
13600.000000000002 0.6300546309650407
13650.0 0.6305630425888064
13700.000000000002 0.6313809221574731
13750.0 0.6322430114325542
13799.999999999998 0.6327072133499055
13850.0 0.6336356171846083
13899.999999999998 0.6341882385147886
13950.0 0.6345198113128966
14000.0 0.6347408598449688
14050.0 0.6345861258725183
14100.0 0.6343429724872389
14150.0 0.6341661336615813
14200.0 0.6343208676340317
14250.0 0.6348513841110047
14300.0 0.6350724326430769
14350.0 0.6354703200008065
14400.0 0.6354924248540137
14450.0 0.6352050617623201
14500.0 0.6353597957347705
14550.0 0.6356250539732571
14600.0 0.6358239976521218
14650.0 0.6359566267713651
14700.0 0.6360892558906084
14750.0 0.6364429335419237
14800.0 0.6364429335419237
14850.000000000002 0.6367966111932389
14900.0 0.6368850306060678
14950.000000000002 0.6373050228170049
15000.0 0.637437651936248
15049.999999999998 0.6375260713490769
15100.0 0.6380123781196354
15149.999999999998 0.6383439509177435
15200.0 0.6386976285690589
15250.0 0.6392723547524463
15300.0 0.6394491935781039
15350.0 0.6400239197614913
15400.0 0.6405986459448788
15450.0 0.6410186381558157
15500.0 0.6414607352199598
15550.0 0.641792308018068
15600.0 0.6421238808161761
15650.0 0.642322824495041
15700.0 0.6428312361188068
15750.0 0.6430743895040859
15800.0 0.6433396477425725
15850.0 0.6438038496599239
15900.0 0.6443564709901041
15950.0 0.6450638262927347
16000.0 0.6459480204210231
16050.0 0.6468101096961041
16100.000000000002 0.647760618384014
16150.0 0.6486006028058879
16200.000000000002 0.6495069017873834
16250.0 0.6507447735669871
16299.999999999998 0.652004750199798
16350.0 0.6529110491812934
16400.0 0.6537731384563744
16450.0 0.654568913171834
16500.0 0.6552983733276718
16550.0 0.6562046723091673
16600.0 0.6566246645201043
16650.0 0.6573762295291493
16700.0 0.6580614799785728
16750.0 0.6583709479234737
16800.0 0.6586583110151674
16850.0 0.6592330371985547
16900.0 0.6594982954370413
16950.0 0.6596972391159062
17000.0 0.660316175005708
17050.0 0.6609351108955098
17100.0 0.6615540467853116
17150.0 0.6620403535558702
17200.0 0.6627919185649153
17250.0 0.663189805922645
17300.0 0.6635434835739603
17350.0 0.6639855806381044
17400.0 0.664361363142627
17450.0 0.6644055728490414
17500.0 0.6647592505003567
17550.0 0.6643834679958341
17600.0 0.6642729437297982
17650.0 0.6636982175464108
17700.0 0.6630571768034017
17750.0 0.6623719263539783
17800.0 0.6616866759045549
17850.0 0.6613993128128612
17900.0 0.6607803769230594
17950.0 0.6602719652992936
18000.0 0.6595867148498702
18050.0 0.6591667226389333
18100.0 0.6592772469049692
18150.0 0.6589677789600683
18200.0 0.659365666317798
18250.0 0.659675134262699
18300.0 0.6600288119140143
18350.0 0.660426699271744
18400.0 0.6608245866294737
18450.0 0.6612224739872035
18500.0 0.661598256491726
18550.0 0.6619298292898341
18600.0 0.6622614020879423
18650.0 0.6629687573905729
18700.0 0.6632561204822667
18750.0 0.6638971612252756
18800.0 0.6641403146105549
18850.0 0.6643392582894198
18900.0 0.6641624194637621
18950.0 0.6642287340233838
19000.0 0.6642066291701765
19050.0 0.6640518951977261
19100.0 0.6641403146105549
19150.0 0.6637645321060324
19200.0 0.6632782253354738
19250.0 0.6629687573905729
19300.0 0.6620624584090774
19350.0 0.6610235303083387
19400.0 0.6592772469049692
19450.0 0.6568899227585907
19500.0 0.6522921132914916
19550.0 0.6451522457055635
19600.0 0.6340113996891308
19650.0 0.6178969617010764
19700.0 0.5963226249708418
19750.0 0.5676747352143006
19800.0 0.531842768165417
19850.0 0.48900356264984846
19900.0 0.4400192079426762
19950.0 0.38645914862161196
20000.0 0.3306222894202054
20050.0 0.2746528010995555
20099.999999999996 0.22120326604452728
20150.0 0.17241785501621995
20200.0 0.12986601259234515
20250.0 0.09438772319477681
20299.999999999996 0.06611561594275818
20350.0 0.044629698625352314
20400.0 0.02895735770144207
20450.0 0.018059665070288677
20500.0 0.010831378071531766
20550.0 0.0062335686044325675
20600.0 0.003448357100324399
20650.0 0.0018125979629910304
20700.0 0.0009284038347027227
20750.0 0.0004420970641441537
20800.0 0.00022104853207207686
20850.0 8.841941282883074e-05
20900.0 4.420970641441537e-05
20950.000000000004 2.2104853207207685e-05
21000.0 0.0
