data/Filters/Roman/Roman-SNPrism.ecsv
# %ECSV 1.0
# ---
# datatype:
# - {name: wavelength, unit: Angstrom, datatype: float64}
# - {name: response, datatype: float64}
# meta:
#   __serialized_columns__:
#     wavelength:
#       __class__: astropy.units.quantity.Quantity
#       unit: !astropy.units.Unit {unit: Angstrom}
#       value: !astropy.table.SerializedColumn {name: wavelength}
#   band_name: SNPrism
#   group_name: Roman
# schema: astropy-2.0
wavelength response
7350.0 0.0
7400.0 0.0001547339724504538
7450.0 0.021640651289856323
7500.0 0.24848065490222163
7550.0 0.48051529901828066
7600.0 0.5089200353895424
7650.0 0.5161262175350922
7700.0 0.5228018832036689
7750.0 0.5281733625330205
7800.0 0.5304501624133628
7850.0 0.5315111953673088
7900.0 0.5317985584590025
7950.0 0.532063816697489
8000.0 0.5327269622937052
8050.000000000001 0.535047971880462
8100.000000000001 0.5377668688249485
8149.999999999999 0.5406626045950927
8200.0 0.543558340365237
8250.0 0.5465646004014172
8300.0 0.548355093511201
8350.0 0.549836118676084
8400.0 0.5516266117858678
8450.0 0.5535276291616877
8500.0 0.5561581066933454
8550.0 0.5598275123257418
8600.0 0.5636958616370032
8650.0 0.5681610419848592
8700.0 0.5720736010025349
8750.0 0.576339837671526
8800.0 0.5804955500744811
8850.0 0.5845407382114001
8900.0 0.5883869826694541
8950.0 0.5915921863844993
9000.0 0.5943773978886074
9050.0 0.5971626093927156
9100.0 0.5995720383923013
9150.0 0.6016498945937788
9200.0 0.6032414440246977
9250.0 0.6039930090337429
9300.0 0.6043466866850581
9350.0 0.6045235255107158
9400.0 0.6039487993273285
9450.0 0.6033077585843193
9500.0 0.602534088722067
9550.0 0.6020256770983013
9600.0 0.6017604188598149
9650.0 0.6010530635571842
9700.0 0.6006551761994544
9750.0 0.5998594014839949
9800.0 0.5993951995666436
9850.0 0.5986215297043913
9900.0 0.5977594404293103
9950.0 0.5972952385119589
10000.0 0.5965436735029138
10049.999999999998 0.5961899958515985
10100.0 0.5958805279066975
10149.999999999998 0.5955710599617967
10200.0 0.595283696870103
10250.0 0.5950405434848237
10300.0 0.5948194949527517
10350.0 0.5943110833289859
10400.0 0.5942005590629498
10450.0 0.5940900347969138
10500.0 0.5940458250904993
10550.0 0.5940679299437065
10600.0 0.5941342445033282
10650.0 0.5942447687693642
10700.0 0.5943995027418146
10750.0 0.5945763415674723
10800.0 0.59475318039313
10850.0 0.595283696870103
10900.0 0.5954384308425534
10950.0 0.5955931648150039
11000.0 0.596035261879148
11050.0 0.5957478987874544
11100.000000000002 0.5957478987874544
11150.0 0.5960131570259408
11200.000000000002 0.5962784152644273
11250.0 0.5962342055580129
11299.999999999998 0.5965436735029138
11350.0 0.5966763026221571
11399.999999999998 0.5968531414478147
11450.0 0.5969194560074363
11500.0 0.5973173433651661
11550.0 0.5975162870440309
11600.0 0.597737335576103
11650.0 0.5982899569062832
11700.0 0.5985773199979769
11750.0 0.5991962558877788
11800.0 0.5998372966307878
11850.0 0.6001467645756886
11900.0 0.6008541198783193
11950.0 0.6015614751809499
12000.0 0.6018930479790581
12050.0 0.6022909353367878
12100.0 0.6030646051990401
12150.0 0.6038603799144995
12200.0 0.6042803721254365
12250.0 0.60496562257486
12300.0 0.6056950827306978
12350.000000000002 0.6061813895012564
12400.0 0.6066234865654005
12450.000000000002 0.6071540030423735
12500.0 0.6072203176019951
12549.999999999998 0.6074634709872744
12600.0 0.6075076806936888
12649.999999999998 0.6073750515744456
12700.0 0.6071982127487879
12750.0 0.6071318981891662
12800.0 0.6070434787763375
12850.0 0.6066234865654005
12900.0 0.6066234865654005
12950.0 0.6064908574461573
13000.0 0.6064245428865356
13050.0 0.6066898011250221
13100.0 0.6066676962718149
13150.0 0.6070213739231303
13200.0 0.60741926128086
13250.0 0.6075518904001033
13300.0 0.6080824068770763
13350.0 0.6086350282072565
13400.0 0.6088781815925357
13450.0 0.6094529077759231
13500.0 0.6101160533721394
13550.0 0.6105360455830763
13600.000000000002 0.6112876105921213
13650.0 0.6117739173626798
13700.000000000002 0.6125917969313466
13750.0 0.6134317813532205
13799.999999999998 0.6138738784173646
13850.0 0.614758072545653
13899.999999999998 0.6153106938758331
13950.0 0.6156201618207341
14000.0 0.6158412103528061
14050.0 0.6156864763803557
14100.0 0.6154654278482836
14150.0 0.615288589022626
14200.0 0.6154212181418692
14250.0 0.6159517346188422
14300.0 0.6161727831509143
14350.0 0.6165485656554368
14400.0 0.616570670508644
14450.0 0.6162833074169503
14500.0 0.6164380413894007
14550.0 0.6167032996278872
14600.0 0.616902243306752
14650.0 0.6170127675727881
14700.0 0.6171453966920314
14750.0 0.6174990743433467
14800.0 0.6174990743433467
14850.000000000002 0.617852751994662
14900.0 0.6179190665542836
14950.000000000002 0.6183390587652206
15000.0 0.6184495830312566
15049.999999999998 0.6185380024440854
15100.0 0.619024309214644
15149.999999999998 0.619333777159545
15200.0 0.6196874548108602
15250.0 0.6202400761410404
15300.0 0.6204169149666982
15350.0 0.6209695362968783
15400.0 0.6215221576270585
15450.0 0.6219421498379955
15500.0 0.6223621420489324
15550.0 0.6226716099938333
15600.0 0.6230031827919414
15650.0 0.6232021264708063
15700.0 0.6236884332413648
15750.0 0.6239315866266442
15800.0 0.6241747400119234
15850.0 0.6246389419292748
15900.0 0.6251694584062477
15950.0 0.6258768137088784
16000.0 0.6267167981307523
16050.0 0.6275567825526261
16100.000000000002 0.6284851863873289
16150.0 0.6293030659559956
16200.000000000002 0.6301651552310767
16250.0 0.6313809221574731
16299.999999999998 0.6325966890838696
16350.0 0.6334808832121579
16400.0 0.6342987627808245
16450.0 0.635094537496284
16500.0 0.6357797879457074
16550.0 0.6366639820739958
16600.0 0.6370839742849327
16650.0 0.6377913295875633
16700.0 0.6384544751837796
16750.0 0.6387639431286805
16800.0 0.6390292013671669
16850.0 0.6396039275505544
16900.0 0.6398470809358336
16950.0 0.6400681294679057
17000.0 0.6406649605045003
17050.0 0.6412617915410949
17100.0 0.6418586225776896
17150.0 0.642322824495041
17200.0 0.6430522846508788
17250.0 0.6434501720086084
17300.0 0.6437817448067166
17350.0 0.6442238418708608
17400.0 0.6445775195221761
17450.0 0.6446217292285905
17500.0 0.6449533020266986
17550.0 0.6445996243753833
17600.0 0.6444891001093472
17650.0 0.643936478779167
17700.0 0.6432954380361581
17750.0 0.6425217681739057
17800.0 0.6405544362384643
17850.0 0.6312040833318155
17900.0 0.5915479766780849
17950.0 0.48796463454910965
18000.0 0.31996775017433127
18050.0 0.1523908580104898
18100.0 0.04942645177131638
18150.0 0.010455595567009236
18200.0 0.0014147106052612918
18250.0 0.00011052426603603843
18300.0 0.0
